(2,6),
(2,9),
(2,10),
(3,1),
(3,2),
(4,27),
(4,28),
(4,29),
(4,30),
(10,1),
(10,2),
(11,8),
(11,9),
(11,10),
(16,33),
(16,34),
(16,35),
(18,36),
(18,38),
(18,39),
(18,40),
(18,41),
(18,43),
(20,54),
(20,55),
(20,56),
(21,47),
(23,3),
(25,54),
(25,55),
(25,56),
(25,44),
(25,45),
(25,46),
(26,18),
(26,20),
(26,21),
(29,32),
(29,33),
(29,34),
(29,35),
(29,64),
(29,65),
(29,66),
(29,67),
(29,68),
(29,70),
(30,23),
(30,24),
(30,26),
(31,19),
(31,21),
(39,1),
(39,2),
(44,22),
(44,23),
(44,25),
(44,26),
(49,3),
(49,4),
(49,5),
(50,13),
(67,11),
(67,12),
(68,48),
(68,49),
(68,50),
(68,51),
(73,11),
(80,57),
(80,58),
(80,59),
(84,62),
(84,63),
(85,63),
(85,64),
(85,65),
(85,66),
(85,68),
(86,49),
(86,50),
(86,51),
(88,12),
(89,22),
(89,23),
(89,24),
(89,26),
(100,23),
(100,25),
(100,26),
(104,60),
(104,61),
(107,6),
(107,8),
(107,9),
(109,13),
(110,57),
(110,58),
(110,59),
(114,18),
(114,19),
(114,20),
(114,21),
(119,54),
(119,55),
(119,56),
(122,13),
(123,27),
(123,28),
(123,29),
(123,30),
(123,31),
(126,57),
(126,58),
(126,59),
(128,62),
(128,63),
(131,14),
(131,15),
(131,16),
(131,17),
(131,54),
(131,55),
(138,32),
(138,33),
(138,34),
(139,3),
(139,4),
(139,5),
(142,18),
(142,19),
(142,21),
(144,58),
(144,59),
(151,22),
(151,23),
(151,26),
(152,11),
(152,12),
(152,64),
(152,65),
(152,66),
(152,67),
(152,68),
(152,69),
(152,70),
(160,32),
(160,33),
(160,35),
(164,57),
(166,44),
(166,45),
(166,46),
(168,48),
(168,50),
(168,51),
(174,4),
(174,5),
(180,60),
(180,61),
(181,23),
(181,24),
(181,26),
(183,18),
(183,19),
(183,21),
(185,6),
(185,7),
(185,8),
(185,9),
(185,10),
(191,18),
(191,19),
(191,20),
(191,21),
(195,64),
(195,69),
(195,70),
(214,18),
(214,19),
(214,20),
(214,21),
(216,48),
(216,51),
(217,32),
(217,33),
(225,22),
(225,23),
(225,24),
(225,25),
(226,52),
(226,53),
(230,1),
(238,1),
(238,2),
(241,23),
(241,24),
(241,25),
(241,26),
(244,11),
(244,12),
(251,48),
(251,49),
(251,50),
(259,52),
(259,53),
(260,18),
(260,19),
(260,21),
(265,36),
(265,37),
(265,38),
(265,39),
(265,41),
(265,42),
(267,47),
(268,47),
(285,23),
(285,24),
(285,25),
(285,26),
(290,28),
(290,29),
(290,30),
(290,31),
(293,22),
(293,24),
(293,26),
(293,44),
(293,45),
(293,46),
(295,57),
(295,59),
(297,22),
(297,23),
(297,24),
(297,25),
(297,26),
(301,47),
(303,58),
(303,6),
(303,7),
(303,8),
(303,9),
(303,10),
(307,14),
(307,15),
(307,16),
(307,17),
(310,13),
(314,28),
(314,29),
(314,30),
(314,31),
(315,62),
(315,63),
(315,64),
(315,65),
(315,66),
(315,67),
(315,68),
(315,69),
(318,11),
(333,14),
(333,15),
(333,17),
(334,64),
(334,66),
(334,67),
(334,68),
(334,69),
(336,27),
(336,28),
(339,52),
(339,53),
(341,37),
(341,38),
(341,39),
(341,40),
(341,41),
(341,43),
(345,11),
(345,12),
(347,11),
(347,12),
(355,13),
(356,64),
(356,66),
(356,67),
(356,68),
(356,69),
(356,70),
(356,29),
(356,30),
(366,64),
(366,65),
(366,66),
(366,67),
(366,68),
(366,69),
(366,70),
(368,58),
(368,59),
(370,57),
(370,58),
(371,2),
(375,62),
(375,64),
(375,65),
(375,68),
(375,69),
(375,70),
(379,48),
(379,49),
(379,51),
(384,8),
(384,10),
(388,18),
(388,19),
(388,20),
(388,21),
(390,32),
(390,34),
(390,35),
(392,1),
(394,1),
(394,2),
(394,32),
(394,33),
(394,34),
(396,57),
(396,58),
(396,59),
(398,1),
(398,2),
(403,15),
(403,16),
(403,17),
(405,6),
(405,8),
(405,9),
(408,64),
(408,65),
(408,66),
(408,68),
(408,69),
(408,70),
(412,15),
(412,17),
(416,17),
(416,54),
(417,44),
(417,45),
(418,28),
(418,31),
(420,61),
(426,62),
(435,13),
(436,27),
(436,28),
(436,29),
(436,30),
(436,31),
(443,54),
(443,56),
(446,3),
(446,4),
(446,5),
(469,3),
(469,4),
(469,5),
(472,18),
(472,19),
(472,20),
(472,21),
(488,18),
(488,19),
(488,20),
(490,6),
(490,7),
(490,9),
(491,13),
(502,44),
(503,3),
(503,4),
(503,5),
(515,60),
(515,61),
(515,11),
(517,27),
(517,28),
(517,30),
(517,31),
(518,63),
(534,48),
(534,49),
(534,50),
(534,51),
(539,44),
(539,46),
(542,15),
(542,17),
(548,27),
(548,29),
(548,30),
(550,62),
(550,63),
(558,3),
(558,4),
(558,5),
(563,15),
(563,16),
(563,17),
(568,64),
(568,65),
(568,66),
(568,67),
(568,68),
(568,69),
(568,70),
(570,63),
(577,66),
(577,67),
(577,68),
(577,69),
(577,70),
(589,54),
(589,55),
(589,56),
(596,1),
(596,2),
(605,44),
(605,45),
(605,46),
(608,27),
(608,28),
(608,29),
(608,30),
(608,31),
(614,57),
(614,59),
(623,28),
(623,30),
(623,31),
(630,48),
(630,49),
(630,50),
(630,51),
(631,64),
(631,65),
(631,66),
(631,68),
(631,69),
(631,70),
(631,36),
(631,37),
(631,38),
(631,39),
(631,40),
(631,41),
(631,43),
(640,36),
(640,37),
(640,39),
(640,40),
(640,42),
(640,43),
(641,3),
(641,5),
(645,37),
(645,39),
(645,40),
(645,43),
(649,65),
(649,66),
(649,67),
(649,68),
(649,69),
(649,70),
(654,18),
(654,19),
(654,21),
(654,32),
(654,33),
(654,34),
(666,36),
(666,37),
(666,38),
(666,39),
(666,40),
(666,41),
(666,42),
(666,43),
(668,64),
(668,65),
(668,67),
(668,70),
(670,57),
(670,58),
(670,59),
(671,62),
(671,63),
(678,64),
(678,65),
(678,66),
(678,67),
(678,68),
(678,69),
(678,70),
(680,60),
(680,61),
(684,44),
(686,54),
(686,55),
(686,56),
(690,54),
(690,55),
(690,56),
(710,36),
(710,37),
(710,38),
(710,39),
(710,41),
(710,42),
(710,43),
(712,52),
(714,57),
(714,59),
(718,64),
(718,65),
(718,68),
(718,69),
(718,70),
(719,22),
(719,23),
(719,24),
(719,25),
(719,26),
(723,23),
(723,24),
(723,25),
(723,26),
(726,23),
(726,24),
(726,25),
(726,26),
(726,57),
(726,58),
(727,14),
(727,15),
(727,16),
(727,17),
(733,62),
(734,11),
(734,12),
(735,47),
(736,27),
(736,30),
(743,6),
(743,7),
(743,8),
(743,9),
(743,10),
(746,62),
(746,63),
(752,27),
(752,28),
(752,29),
(752,30),
(753,64),
(753,65),
(753,67),
(753,68),
(753,69),
(753,70),
(755,54),
(755,55),
(755,56),
(755,36),
(755,38),
(755,39),
(755,40),
(755,41),
(755,42),
(755,43),
(758,49),
(758,50),
(758,51),
(761,27),
(761,30),
(761,31),
(761,47),
(769,6),
(769,7),
(769,8),
(769,9),
(771,1),
(773,14),
(773,15),
(773,16),
(773,17),
(774,57),
(774,58),
(774,59),
(778,28),
(778,30),
(778,31),
(801,1),
(801,2),
(801,15),
(801,16),
(801,17),
(813,32),
(813,34),
(813,35),
(814,22),
(814,23),
(814,24),
(814,25),
(814,26),
(817,61),
(834,22),
(834,23),
(834,25),
(834,26),
(843,64),
(843,67),
(843,69),
(843,70),
(846,4),
(846,5),
(846,18),
(846,20),
(846,21),
(867,18),
(867,19),
(867,20),
(867,21),
(869,36),
(869,37),
(869,38),
(869,39),
(869,42),
(869,43),
(876,1),
(876,2),
(880,53),
(882,23),
(882,24),
(882,25),
(882,26),
(885,18),
(885,19),
(885,20),
(885,21),
(893,64),
(893,66),
(893,67),
(893,68),
(893,69),
(893,70),
(894,36),
(894,37),
(894,39),
(894,40),
(894,41),
(894,42),
(895,54),
(895,55),
(898,27),
(898,28),
(898,29),
(898,30),
(898,31),
(906,36),
(906,37),
(906,38),
(906,40),
(906,41),
(906,43),
(910,3),
(910,5),
(911,7),
(911,8),
(911,9),
(911,10),
(915,48),
(915,50),
(920,36),
(920,37),
(920,38),
(920,39),
(920,40),
(920,41),
(920,43),
(921,22),
(921,23),
(921,24),
(924,27),
(924,28),
(924,29),
(924,30),
(924,31),
(937,6),
(937,7),
(937,9),
(937,10),
(944,16),
(944,17),
(944,33),
(944,35),
(953,6),
(953,7),
(953,8),
(953,10),
(962,27),
(962,30),
(963,62),
(970,62),
(970,63),
(970,44),
(970,46),
(980,36),
(980,39),
(980,40),
(980,41),
(980,42),
(980,43),
(982,55),
(982,56),
(986,6),
(986,7),
(986,8),
(986,9),
(986,10),
(986,11),
(986,12),
(997,27),
(997,28),
(997,29),
(997,30),
(997,31),
(998,1),
(998,2),
