(5,4),
(9,8),
(20,32),
(20,4),
(21,6),
(26,7),
(89,19),
(91,17),
(115,2),
(117,10),
(118,25),
(118,30),
(153,10),
(155,21),
(158,8),
(177,16),
(181,2),
(193,2),
(202,7),
(210,40),
(220,22),
(222,2),
(223,31),
(256,26),
(257,18),
(263,35),
(263,19),
(264,20),
(268,8),
(272,21),
(292,27),
(294,39),
(298,7),
(311,6),
(311,15),
(340,32),
(353,40),
(356,7),
(361,40),
(361,18),
(364,11),
(366,25),
(393,10),
(397,9),
(407,27),
(417,29),
(423,31),
(427,8),
(430,20),
(442,36),
(462,21),
(473,26),
(512,3),
(523,20),
(549,36),
(551,38),
(552,39),
(555,1),
(556,2),
(559,24),
(563,5),
(570,30),
(570,6),
(585,6),
(600,8),
(611,23),
(626,40),
(649,24),
(651,16),
(654,21),
(656,30),
(673,26),
(676,36),
(677,25),
(692,15),
(694,33),
(720,28),
(733,15),
(744,29),
(777,29),
(785,36),
(789,36),
(795,6),
(813,4),
(827,25),
(853,33),
(859,37),
(866,40),
(868,13),
(870,38),
(888,36),
(894,34),
(909,20),
(913,34),
(917,37),
(935,39),
(970,18),
(977,16),
(983,31),
(998,30),
