421,80
86,78
95,25
93,55
803,62
535,34
30,11
536,17
970,62
797,72
77,10
166,34
707,12
910,70
885,69
646,20
637,44
675,7
491,55
862,25
645,61
973,44
346,43
392,21
248,11
852,9
257,73
803,39
105,76
523,2
782,39
782,8
668,49
38,38
616,75
420,68
124,19
737,64
281,37
170,19
70,2
195,70
502,62
956,64
47,32
465,10
27,18
15,33
966,11
309,15
811,67
592,42
631,70
876,51
766,45
679,55
416,66
114,52
761,63
191,53
562,68
306,50
511,73
40,32
64,69
782,33
774,33
43,75
297,58
252,35
609,68
125,41
762,6
249,44
40,24
52,71
227,43
6,11
633,41
801,79
112,12
763,25
298,25
578,61
160,60
269,56
932,24
636,75
671,69
677,10
198,4
854,75
718,1
989,75
11,77
147,38
814,28
604,36
365,75
401,79
256,69
692,24
53,79
2,37
61,67
759,74
910,15
202,3
418,33
570,29
22,30
539,38
577,70
683,24
963,23
479,50
427,8
345,54
902,6
827,42
746,60
165,72
962,59
612,67
598,1
775,78
831,18
515,23
288,38
967,3
666,21
996,23
956,80
470,41
54,14
838,10
285,58
658,76
664,17
886,43
761,59
361,47
469,35
488,80
916,38
527,32
843,3
611,36
512,40
282,27
181,69
848,21
623,1
577,11
545,77
31,37
959,61
395,12
167,54
548,59
781,73
39,52
884,48
350,46
786,63
972,68
961,44
313,17
347,7
12,74
672,63
895,66
628,25
765,60
241,41
618,75
144,67
375,31
951,13
682,39
356,59
217,49
717,39
898,59
543,29
518,23
721,48
196,30
174,52
940,14
501,74
786,68
669,13
511,42
738,18
28,74
195,61
785,36
846,52
670,67
388,57
151,23
478,20
950,46
265,61
999,6
487,72
185,67
841,75
858,31
797,19
415,45
257,25
20,26
513,32
314,7
910,72
127,30
877,37
753,42
318,54
558,11
605,5
978,44
431,20
456,58
178,11
702,73
737,50
392,51
5,14
776,80
160,34
67,67
944,60
670,57
134,75
344,8
217,18
477,22
191,57
559,17
455,22
480,33
321,49
86,41
692,44
967,54
107,22
181,58
572,78
989,63
808,48
213,22
630,64
538,14
146,40
192,38
405,46
753,70
975,45
571,46
417,72
861,46
5,17
534,59
647,23
624,35
41,77
758,8
374,74
336,80
731,3
864,77
774,31
312,30
652,74
697,15
690,5
998,51
164,67
284,55
191,65
414,26
49,52
184,80
954,21
675,80
402,48
273,46
310,55
833,44
532,23
758,45
250,4
447,79
935,80
479,32
281,22
293,43
5,43
70,12
989,49
298,1
21,62
963,79
562,10
552,80
807,23
776,62
148,31
216,4
808,1
182,69
997,59
986,53
230,11
400,15
87,42
198,49
813,60
122,36
124,54
151,45
989,58
114,57
168,33
269,34
776,50
627,14
785,35
88,54
827,22
378,70
408,70
837,47
68,27
436,6
91,38
792,37
352,41
529,27
905,71
459,71
141,9
816,15
680,44
902,50
970,70
455,27
32,44
644,75
309,29
970,71
655,72
86,22
116,75
3,55
817,68
366,70
39,45
810,5
408,47
359,22
477,32
501,33
39,45
898,17
29,70
566,48
212,10
838,12
423,75
383,57
394,44
981,23
148,8
736,20
755,12
859,23
639,30
624,76
510,19
758,5
8,21
991,8
394,51
16,60
384,56
736,13
719,58
31,57
441,43
170,67
267,63
825,18
348,7
975,9
640,17
616,74
777,72
172,49
80,67
869,13
582,41
759,49
182,36
678,70
831,37
319,67
636,20
228,78
384,34
166,34
158,80
269,32
121,40
283,79
176,37
416,66
35,76
183,15
210,68
506,32
217,60
570,72
154,1
478,71
252,6
948,30
189,50
152,70
292,56
412,19
557,29
107,53
770,70
729,2
350,6
567,6
684,80
512,50
254,61
783,69
496,43
826,27
51,25
27,37
190,69
461,46
964,43
191,23
641,52
875,35
213,31
60,69
128,15
260,68
159,26
663,43
112,19
357,23
357,63
582,49
755,66
487,43
79,55
445,9
394,48
844,11
750,73
526,1
754,14
12,18
234,14
419,2
450,12
511,13
457,80
47,26
435,55
322,11
263,51
887,25
942,30
820,4
202,6
812,34
827,55
44,58
122,74
648,26
316,26
150,7
550,16
753,30
938,51
386,50
482,29
513,68
673,73
404,56
702,45
444,79
542,57
669,55
516,20
131,20
101,5
183,57
122,55
50,55
987,64
892,27
719,29
922,3
793,16
456,38
455,17
258,57
849,45
188,47
140,77
384,53
653,1
454,34
514,22
974,80
748,64
257,55
709,55
610,62
191,12
843,70
85,69
77,45
515,54
626,38
148,30
941,63
314,74
615,4
702,11
684,62
324,80
805,25
293,74
39,52
118,74
121,69
400,34
882,58
575,31
10,52
543,72
771,7
356,70
665,21
333,66
863,6
394,60
388,7
735,63
201,6
497,48
356,32
800,18
984,23
413,4
895,1
314,59
578,24
949,32
3,51
823,23
987,39
397,77
23,17
750,43
886,10
634,25
828,27
300,35
745,30
990,62
845,42
33,35
961,37
81,16
474,71
666,61
320,40
219,21
181,1
604,20
852,13
971,27
854,68
204,45
202,30
623,41
88,72
923,9
420,64
471,64
863,14
133,27
602,67
570,69
654,60
271,16
603,9
850,35
171,80
511,15
127,31
700,57
121,47
575,73
472,74
11,53
882,4
944,18
47,36
383,35
352,10
778,59
297,63
280,28
110,15
126,75
289,9
868,78
755,61
214,10
545,31
195,17
4,10
188,65
741,36
834,36
147,19
522,38
623,59
758,59
22,6
679,58
550,69
888,14
81,71
536,25
892,64
447,63
803,64
197,54
118,74
261,23
400,32
986,54
770,2
457,20
549,13
581,12
836,60
10,51
301,73
417,80
480,2
249,28
397,1
732,12
282,73
560,25
907,21
872,49
464,70
486,20
736,45
733,32
961,20
277,78
459,60
445,41
427,12
287,2
743,53
940,25
227,78
211,32
252,15
596,53
635,46
268,17
560,23
195,41
803,11
180,68
453,63
331,29
349,5
96,4
226,40
34,44
974,48
268,76
919,46
979,64
212,26
536,41
563,56
787,74
862,9
464,10
943,9
272,39
956,52
206,59
128,69
914,63
758,64
491,20
122,5
90,27
187,35
726,58
961,51
201,44
745,22
463,46
404,53
108,50
605,18
474,78
803,16
801,22
140,25
722,40
944,56
318,26
39,51
122,14
966,44
489,73
73,54
963,69
688,22
828,41
955,62
151,58
684,48
131,56
691,6
388,49
631,30
229,48
241,58
375,69
349,76
129,15
234,46
875,34
520,24
271,74
596,35
858,76
531,26
193,73
707,61
71,6
123,6
469,52
654,57
232,57
338,19
983,75
608,3
805,68
261,59
886,12
368,23
881,63
21,37
952,28
926,52
141,78
133,2
982,66
410,66
828,26
796,56
451,69
714,22
846,39
763,32
110,67
747,5
115,47
109,55
214,57
446,42
712,49
972,19
155,20
509,32
540,1
28,36
138,70
672,57
692,44
487,71
452,7
601,75
877,29
390,19
690,37
48,65
979,8
544,35
429,14
662,31
689,19
700,33
166,66
926,27
923,10
491,47
573,45
924,59
613,31
168,64
259,65
777,20
275,44
397,47
902,9
979,45
13,20
131,66
613,21
5,44
344,8
796,42
32,49
33,17
53,71
718,21
723,12
841,37
156,49
373,80
143,79
63,55
185,75
406,76
37,32
416,56
422,32
535,58
612,48
616,33
845,78
936,8
17,6
608,3
648,58
625,34
145,57
714,37
413,36
883,66
443,66
993,33
29,1
345,70
239,47
967,30
343,79
419,9
187,12
159,69
495,25
757,72
149,40
288,46
981,48
953,53
742,3
471,22
773,56
893,70
363,80
139,37
490,59
439,41
104,54
290,59
953,76
396,15
323,26
301,63
104,68
67,54
559,54
273,75
804,25
342,76
900,1
565,72
835,73
927,41
716,44
250,13
634,47
718,72
227,42
427,11
580,31
916,3
608,31
231,66
695,45
441,77
846,70
279,79
998,74
974,17
919,54
776,66
933,31
914,55
890,45
765,5
660,42
733,64
755,37
914,36
871,78
738,75
191,3
1,6
587,74
542,56
333,5
406,22
434,38
535,41
382,75
740,57
674,70
802,26
399,65
925,19
412,56
374,77
564,73
696,75
358,7
445,12
765,41
944,46
276,31
34,4
632,60
68,48
477,38
790,41
12,12
28,23
253,68
934,59
776,28
326,40
31,10
203,37
801,34
315,77
17,14
32,15
295,67
24,30
837,17
414,40
281,48
263,61
617,26
444,66
529,12
107,77
359,58
982,1
647,34
313,47
482,7
396,67
936,11
665,18
489,45
399,37
972,17
270,11
932,47
754,8
790,10
623,40
209,72
846,57
710,57
120,72
558,52
691,41
801,51
996,8
4,47
957,17
759,46
788,18
752,59
370,67
238,51
996,18
170,23
71,71
32,5
543,79
435,27
271,31
583,46
269,34
765,13
63,60
792,59
905,21
731,54
326,44
409,61
937,53
70,1
64,63
39,8
400,40
66,20
661,22
320,31
886,27
136,44
347,31
867,57
738,47
772,33
76,15
264,77
849,1
199,36
23,52
510,20
105,11
655,57
228,12
196,46
673,78
693,29
763,4
628,38
452,33
634,38
119,66
307,52
888,54
198,7
453,70
84,69
871,75
828,19
210,5
497,70
604,52
390,60
98,71
355,55
751,77
332,21
283,18
625,10
150,5
662,40
659,3
677,75
66,78
749,39
218,26
38,46
527,27
308,54
714,67
163,56
308,75
296,71
815,13
206,39
529,26
865,41
579,36
923,37
334,70
516,49
626,30
653,50
105,43
823,35
404,25
580,28
995,43
924,54
140,34
341,6
680,48
274,69
304,43
384,66
5,9
403,56
387,13
218,27
283,57
589,1
649,28
489,25
859,1
475,37
679,6
545,1
765,56
689,51
281,23
707,26
104,9
842,14
211,21
412,26
917,16
820,46
279,21
461,26
269,2
333,56
149,41
532,47
123,7
195,78
783,37
477,32
929,37
30,58
212,54
847,71
511,23
94,49
65,58
114,14
519,54
329,14
523,39
585,8
357,65
838,31
529,62
308,15
559,59
126,67
419,59
586,79
91,13
870,67
138,60
904,72
43,78
239,73
573,48
259,12
561,35
166,62
623,37
104,3
710,61
18,61
731,15
789,48
656,9
946,7
435,75
623,34
631,42
912,72
86,64
200,74
981,4
942,33
312,39
143,75
82,46
718,70
340,23
607,6
133,39
979,11
638,29
921,23
557,30
286,50
42,33
621,72
315,17
613,8
438,39
336,59
307,56
224,39
251,64
981,72
227,4
653,71
746,24
675,56
647,26
862,23
534,64
231,34
490,53
290,47
541,49
28,44
347,54
759,2
533,10
268,63
85,70
720,72
649,70
524,4
40,29
659,39
991,27
436,59
260,57
690,66
345,78
602,76
21,63
993,66
749,39
697,4
686,24
69,43
349,46
325,75
196,51
493,74
547,8
347,3
835,63
638,13
45,80
780,26
503,52
633,33
230,51
346,60
834,9
206,15
775,25
693,77
370,70
352,14
123,59
583,24
624,24
505,28
449,21
994,35
830,54
734,54
185,48
872,65
29,60
25,66
819,56
435,69
405,5
17,78
495,78
361,1
27,20
512,30
775,23
723,58
883,59
12,37
494,4
913,7
133,17
236,32
961,3
904,44
560,13
760,7
887,33
1,31
516,49
71,49
138,78
972,8
466,5
484,69
903,34
415,19
992,51
494,17
680,68
954,53
906,61
461,3
904,49
15,52
317,75
156,42
866,38
742,6
912,22
487,21
461,17
34,52
695,18
244,54
693,77
439,50
551,34
781,49
952,74
549,25
523,48
812,36
418,42
720,59
922,54
921,2
139,52
982,48
604,76
824,71
989,44
349,70
84,6
921,58
679,56
191,15
975,16
47,18
45,4
349,1
841,9
25,26
548,26
766,9
853,22
944,44
686,66
402,22
417,62
969,68
686,34
631,61
869,61
707,46
594,32
879,25
760,50
91,16
742,15
293,62
569,71
517,59
68,74
515,68
364,45
986,47
236,80
190,65
426,69
652,10
722,68
596,51
261,36
319,18
286,34
662,63
614,67
981,49
640,24
286,60
367,80
668,74
92,33
161,18
722,78
827,47
825,29
321,19
393,75
539,43
322,20
57,40
418,76
407,6
696,51
733,69
637,33
481,1
529,18
490,24
854,43
477,75
331,18
232,32
536,49
400,12
336,39
518,23
488,45
54,69
210,64
191,8
997,72
910,21
152,54
73,11
136,10
263,4
213,75
13,10
922,37
931,76
430,79
580,54
314,4
616,29
92,66
833,27
824,42
746,7
952,54
549,50
284,9
466,48
984,13
108,7
609,17
970,69
408,11
315,69
910,52
939,61
368,67
298,63
251,21
794,11
874,61
278,20
670,71
825,8
932,34
605,62
983,47
470,68
671,75
412,63
91,56
40,26
20,66
261,23
890,24
336,27
880,65
512,47
697,35
797,28
309,17
333,75
407,26
967,13
455,30
217,3
223,44
751,20
934,20
281,47
392,40
341,61
568,70
172,74
524,64
550,35
671,74
658,36
646,18
891,23
267,30
21,65
25,62
218,11
657,27
289,21
630,38
929,58
489,20
736,59
687,10
668,70
369,19
482,45
894,3
26,67
278,2
628,30
227,7
243,44
691,3
760,1
831,11
980,61
974,74
703,8
121,14
885,57
139,33
820,64
316,44
624,73
105,78
85,18
957,77
509,51
84,34
940,1
105,5
706,31
291,1
502,32
216,64
371,51
232,14
407,70
539,62
457,45
300,52
479,30
264,21
256,29
242,56
433,42
863,14
223,41
315,70
914,70
806,11
325,68
771,51
356,76
140,2
722,43
834,58
410,49
752,23
693,61
100,45
797,31
892,44
23,17
969,80
499,5
199,34
585,26
198,79
701,71
386,58
559,76
202,3
29,78
31,49
49,38
293,58
977,78
379,64
301,33
76,70
748,29
495,50
410,5
421,33
292,56
815,76
369,50
391,30
705,12
387,21
521,73
335,26
310,27
116,16
26,41
587,80
386,15
169,10
845,8
477,69
418,60
238,31
138,74
414,74
995,77
530,6
112,28
507,32
635,73
889,66
378,6
375,17
462,7
118,28
622,19
89,76
484,46
911,56
748,75
19,1
853,7
593,73
489,15
746,69
862,73
246,66
479,48
309,29
328,38
688,34
288,13
639,7
638,36
754,4
88,42
816,4
814,58
73,31
437,66
131,17
354,66
809,17
100,58
894,77
26,6
730,52
567,65
948,30
862,58
339,65
510,65
438,70
656,78
226,65
856,36
142,57
629,6
950,38
284,63
421,47
149,35
46,27
281,41
962,21
793,43
857,24
710,29
26,57
948,64
251,79
308,72
184,23
437,5
209,68
472,57
404,15
677,28
499,64
951,52
544,37
682,12
12,51
106,10
68,64
254,6
722,31
472,79
817,50
585,17
542,55
801,56
200,44
346,62
69,55
107,45
404,3
355,47
774,15
65,11
340,14
962,49
456,7
45,30
4,59
354,63
198,58
648,40
430,80
117,46
720,62
51,77
403,79
985,6
595,14
809,61
990,58
221,40
890,72
529,41
894,61
547,24
759,18
186,66
750,62
318,49
750,34
324,19
418,59
400,56
600,12
816,15
657,42
55,3
22,34
150,55
495,46
750,24
308,50
473,18
19,41
836,76
23,6
488,57
35,46
505,30
962,41
295,30
127,67
10,24
608,59
636,34
761,4
381,38
887,12
370,8
702,42
653,13
797,30
107,22
89,58
812,7
186,5
395,47
68,75
911,53
402,20
51,27
768,74
801,24
222,75
808,56
422,4
369,30
16,37
487,51
772,26
236,46
672,49
67,37
403,72
620,20
90,37
740,64
762,8
462,15
111,69
515,54
76,69
879,43
233,71
174,68
809,61
151,67
275,20
100,18
380,15
265,51
6,14
722,46
658,18
73,2
670,2
753,49
624,79
242,62
808,76
395,74
715,33
309,17
649,16
957,21
808,11
647,37
657,78
120,54
12,54
948,66
91,63
726,67
741,11
596,37
752,25
926,1
730,6
389,49
397,32
573,74
359,4
637,55
748,70
665,10
167,55
759,22
657,26
567,3
325,74
109,31
2,53
675,62
479,61
92,79
332,47
353,5
443,31
503,75
301,73
478,73
406,55
430,17
776,11
893,7
538,71
488,46
617,39
22,31
637,1
267,7
640,61
375,7
759,7
405,53
395,23
2,33
789,63
626,39
846,66
813,30
866,67
319,9
993,4
760,14
141,50
727,56
638,14
782,13
599,36
185,53
404,38
491,12
238,38
270,20
825,41
346,53
969,14
41,55
240,68
48,37
72,50
155,44
233,29
250,61
920,61
53,46
94,76
732,75
375,70
446,52
644,22
352,7
589,66
557,10
495,38
310,33
518,69
645,52
793,50
575,50
537,72
432,12
960,78
622,62
2,32
888,45
787,7
712,65
989,43
435,5
303,53
368,16
937,3
216,27
654,42
303,67
205,65
915,64
663,1
26,30
348,26
823,37
929,7
204,44
508,28
651,33
46,66
681,67
774,67
802,29
163,79
844,19
320,50
836,41
583,7
732,30
185,41
679,9
225,58
941,3
598,19
362,33
277,45
629,39
469,22
977,41
48,38
90,7
206,61
631,15
137,7
628,35
305,10
140,18
513,45
51,73
675,12
714,70
511,23
628,39
902,38
884,30
443,11
835,6
796,26
99,80
761,10
871,39
769,53
917,20
955,77
48,27
608,23
398,51
541,48
489,25
691,79
60,35
437,59
