421,80
86,78
95,76
93,76
803,73
535,75
30,72
536,17
970,62
797,72
77,10
166,34
707,12
910,71
885,80
646,71
637,44
675,78
491,55
862,25
645,61
973,44
346,43
392,21
248,11
852,9
257,73
803,39
105,76
523,2
782,80
782,8
668,49
38,38
616,75
420,68
124,19
737,75
281,78
170,19
70,73
195,70
502,62
956,75
47,32
465,10
27,18
15,74
966,11
309,15
811,78
592,73
631,70
876,51
766,45
679,76
416,66
114,73
761,63
191,74
562,79
306,50
511,73
40,32
64,80
782,33
774,74
43,75
297,58
252,35
609,79
125,72
762,6
249,44
40,75
52,71
227,43
6,72
633,41
801,79
112,73
763,76
298,76
578,72
160,60
269,77
932,24
636,75
671,69
677,10
198,75
854,75
718,1
989,75
11,77
147,38
814,28
604,36
365,75
401,79
256,80
692,24
53,79
2,78
61,78
759,74
910,15
202,74
418,33
570,29
22,30
539,79
577,70
683,24
963,23
479,71
427,8
345,54
902,77
827,73
746,71
165,72
962,59
612,78
598,1
775,78
831,79
515,23
288,79
967,74
666,21
996,74
956,80
470,41
54,14
838,10
285,58
658,76
664,17
886,74
761,59
361,47
469,76
488,80
916,38
527,73
843,3
611,36
512,40
282,78
181,80
848,21
623,1
577,72
545,77
31,78
959,72
395,12
167,75
548,59
781,73
39,73
884,79
350,77
786,74
972,68
961,75
313,78
347,7
12,74
672,63
895,66
628,25
765,71
241,72
618,75
144,67
375,31
951,13
682,39
356,59
217,49
717,39
898,59
543,29
518,74
721,79
196,30
174,52
940,14
501,74
786,79
669,13
511,73
738,18
28,74
195,72
785,36
846,52
670,67
388,57
151,23
478,20
950,46
265,61
999,77
487,72
185,78
841,75
858,31
797,19
415,45
257,76
20,77
513,73
314,7
910,72
127,71
877,37
753,42
318,54
558,11
605,5
978,75
431,20
456,79
178,11
702,73
737,71
392,51
5,75
776,80
160,34
67,78
944,60
670,78
134,75
344,8
217,18
477,22
191,57
559,17
455,73
480,33
321,49
86,72
692,44
967,75
107,22
181,58
572,78
989,74
808,79
213,22
630,64
538,14
146,71
192,38
405,46
753,70
975,76
571,77
417,72
861,46
5,17
534,80
647,23
624,35
41,77
758,8
374,74
336,80
731,74
864,77
774,31
312,30
652,74
697,15
690,5
998,51
164,67
284,76
191,65
414,77
49,52
184,80
954,21
675,80
402,48
273,46
310,55
833,75
532,23
758,45
250,4
447,79
935,80
479,32
281,73
293,43
5,74
70,73
989,80
298,72
21,73
963,79
562,10
552,80
807,23
776,73
148,72
216,4
808,1
182,80
997,59
986,53
230,11
400,15
87,42
198,49
813,60
122,36
124,75
151,45
989,79
114,57
168,74
269,34
776,50
627,75
785,35
88,54
827,73
378,71
408,70
837,47
68,78
436,6
91,38
792,37
352,41
529,27
905,71
459,71
141,80
816,15
680,44
902,71
970,70
455,27
32,44
644,75
309,80
970,71
655,72
86,73
116,75
3,55
817,68
366,70
39,76
810,76
408,47
359,73
477,32
501,33
39,76
898,17
29,70
566,48
212,71
838,12
423,75
383,78
394,44
981,23
148,79
736,71
755,12
859,23
639,30
624,76
510,80
758,76
8,21
991,8
394,51
16,60
384,77
736,13
719,58
31,57
441,43
170,78
267,63
825,18
348,7
975,9
640,78
616,74
777,72
172,49
80,67
869,13
582,41
759,49
182,36
678,70
831,37
319,78
636,20
228,78
384,75
166,75
158,80
269,73
121,40
283,79
176,37
416,66
35,76
183,15
210,79
506,32
217,60
570,72
154,1
478,71
252,6
948,30
189,71
152,70
292,77
412,19
557,29
107,53
770,71
729,73
350,77
567,77
684,80
512,50
254,72
783,80
496,43
826,27
51,25
27,37
190,80
461,77
964,43
191,74
641,52
875,35
213,31
60,80
128,76
260,79
159,26
663,43
112,19
357,23
357,74
582,49
755,66
487,74
79,76
445,80
394,48
844,72
750,73
526,1
754,14
12,79
234,14
419,73
450,12
511,13
457,80
47,26
435,55
322,11
263,72
887,25
942,30
820,4
202,77
812,75
827,55
44,58
122,74
648,26
316,26
150,78
550,16
753,30
938,72
386,71
482,80
513,79
673,73
404,77
702,76
444,79
542,78
669,76
516,20
131,20
101,5
183,57
122,55
50,55
987,75
892,27
719,29
922,74
793,77
456,79
455,17
258,78
849,45
188,47
140,77
384,53
653,1
454,34
514,73
974,80
748,75
257,76
709,55
610,73
191,12
843,70
85,69
77,45
515,54
626,38
148,30
941,74
314,74
615,4
702,11
684,62
324,80
805,25
293,74
39,73
118,74
121,80
400,75
882,58
575,31
10,73
543,72
771,78
356,70
665,21
333,77
863,6
394,60
388,7
735,63
201,6
497,48
356,73
800,79
984,23
413,4
895,72
314,59
578,24
949,73
3,51
823,23
987,80
397,77
23,17
750,43
886,71
634,76
828,78
300,35
745,30
990,73
845,73
33,35
961,37
81,16
474,71
666,61
320,40
219,72
181,1
604,20
852,74
971,27
854,79
204,45
202,71
623,41
88,72
923,80
420,75
471,75
863,14
133,78
602,78
570,69
654,60
271,77
603,9
850,76
171,80
511,15
127,72
700,78
121,47
575,73
472,74
11,53
882,4
944,18
47,36
383,35
352,71
778,59
297,63
280,28
110,15
126,75
289,9
868,78
755,61
214,10
545,31
195,17
4,71
188,76
741,36
834,77
147,19
522,79
623,59
758,80
22,6
679,79
550,69
888,14
81,71
536,25
892,75
447,74
803,75
197,75
118,74
261,74
400,73
986,54
770,2
457,20
549,13
581,12
836,71
10,51
301,73
417,80
480,2
249,28
397,1
732,12
282,73
560,25
907,21
872,49
464,71
486,20
736,45
733,73
961,71
277,78
459,71
445,41
427,12
287,2
743,53
940,25
227,78
211,32
252,15
596,74
635,46
268,78
560,23
195,72
803,11
180,68
453,74
331,80
349,5
96,4
226,71
34,75
974,48
268,76
919,46
979,75
212,26
536,41
563,56
787,74
862,9
464,10
943,80
272,80
956,73
206,80
128,69
914,74
758,64
491,71
122,5
90,27
187,35
726,58
961,72
201,44
745,22
463,77
404,74
108,71
605,18
474,78
803,16
801,22
140,25
722,40
944,56
318,77
39,51
122,14
966,44
489,73
73,54
963,69
688,73
828,72
955,73
151,58
684,48
131,56
691,6
388,49
631,71
229,79
241,58
375,69
349,76
129,15
234,77
875,34
520,24
271,74
596,76
858,76
531,26
193,73
707,72
71,77
123,77
469,52
654,57
232,78
338,19
983,75
608,3
805,79
261,80
886,12
368,23
881,74
21,78
952,28
926,73
141,78
133,2
982,66
410,77
828,77
796,77
451,80
714,22
846,39
763,73
110,67
747,76
115,47
109,55
214,57
446,42
712,80
972,80
155,20
509,73
540,72
28,36
138,71
672,78
692,75
487,71
452,7
601,75
877,80
390,19
690,37
48,76
979,8
544,76
429,14
662,31
689,19
700,33
166,77
926,27
923,71
491,47
573,76
924,59
613,72
168,64
259,65
777,20
275,75
397,47
902,9
979,45
13,20
131,66
613,21
5,75
344,8
796,42
32,49
33,78
53,71
718,72
723,12
841,78
156,49
373,80
143,79
63,76
185,75
406,76
37,32
416,56
422,32
535,58
612,48
616,74
845,78
936,8
17,6
608,3
648,79
625,75
145,78
714,78
413,77
883,77
443,66
993,74
29,72
345,71
239,47
967,30
343,79
419,80
187,12
159,80
495,76
757,72
149,40
288,77
981,48
953,53
742,3
471,22
773,56
893,70
363,80
139,37
490,80
439,41
104,75
290,59
953,76
396,15
323,26
301,63
104,68
67,54
559,75
273,75
804,25
342,76
900,1
565,72
835,73
927,41
716,75
250,13
634,78
718,72
227,73
427,11
580,72
916,3
608,72
231,77
695,45
441,77
846,71
279,79
998,74
974,78
919,75
776,77
933,31
914,76
890,45
765,5
660,42
733,75
755,78
914,36
871,78
738,75
191,3
1,6
587,74
542,56
333,5
406,73
434,79
535,41
382,75
740,78
674,71
802,26
399,76
925,80
412,56
374,77
564,73
696,75
358,78
445,12
765,72
944,46
276,31
34,4
632,71
68,79
477,79
790,41
12,73
28,23
253,79
934,80
776,79
326,40
31,71
203,78
801,75
315,77
17,14
32,76
295,67
24,30
837,17
414,71
281,48
263,72
617,26
444,77
529,12
107,77
359,79
982,1
647,34
313,47
482,78
396,67
936,11
665,18
489,45
399,37
972,78
270,11
932,78
754,79
790,71
623,71
209,72
846,57
710,78
120,72
558,52
691,72
801,51
996,8
4,47
957,17
759,46
788,79
752,59
370,67
238,51
996,18
170,23
71,71
32,5
543,79
435,27
271,31
583,46
269,34
765,74
63,71
792,80
905,21
731,75
326,44
409,72
937,53
70,72
64,74
39,8
400,71
66,20
661,22
320,31
886,27
136,44
347,31
867,57
738,78
772,33
76,15
264,77
849,72
199,36
23,52
510,20
105,11
655,78
228,12
196,77
673,78
693,29
763,4
628,38
452,33
634,79
119,66
307,73
888,75
198,7
453,71
84,69
871,75
828,80
210,5
497,71
604,73
390,60
98,71
355,55
751,77
332,21
283,79
625,10
150,5
662,71
659,3
677,75
66,78
749,80
218,26
38,46
527,27
308,75
714,67
163,77
308,75
296,71
815,13
206,39
529,26
865,41
579,36
923,78
334,70
516,49
626,30
653,50
105,43
823,35
404,25
580,28
995,43
924,75
140,75
341,77
680,48
274,80
304,43
384,77
5,9
403,56
387,13
218,27
283,78
589,1
649,79
489,25
859,1
475,78
679,6
545,1
765,77
689,51
281,23
707,26
104,9
842,14
211,21
412,77
917,16
820,46
279,21
461,26
269,2
333,56
149,41
532,47
123,7
195,78
783,37
477,32
929,37
30,58
212,75
847,71
511,23
94,80
65,79
114,14
519,75
329,75
523,39
585,8
357,76
838,31
529,73
308,76
559,80
126,67
419,80
586,79
91,74
870,78
138,60
904,72
43,78
239,73
573,48
259,12
561,35
166,62
623,78
104,3
710,61
18,61
731,15
789,48
656,9
946,7
435,75
623,34
631,73
912,72
86,64
200,74
981,75
942,74
312,39
143,75
82,77
718,70
340,74
607,77
133,39
979,11
638,29
921,23
557,30
286,71
42,33
621,72
315,17
613,8
438,39
336,59
307,56
224,80
251,64
981,72
227,75
653,71
746,75
675,77
647,77
862,23
534,64
231,34
490,53
290,47
541,49
28,44
347,54
759,2
533,71
268,63
85,70
720,72
649,70
524,4
40,80
659,39
991,78
436,59
260,57
690,66
345,78
602,76
21,63
993,77
749,39
697,4
686,75
69,74
349,77
325,75
196,72
493,74
547,79
347,74
835,63
638,13
45,80
780,26
503,52
633,33
230,51
346,71
834,9
206,15
775,76
693,77
370,71
352,14
123,59
583,24
624,75
505,79
449,21
994,35
830,75
734,54
185,79
872,76
29,60
25,66
819,77
435,80
405,5
17,78
495,78
361,1
27,71
512,30
775,23
723,58
883,80
12,37
494,75
913,78
133,17
236,73
961,3
904,44
560,13
760,7
887,33
1,72
516,80
71,49
138,78
972,8
466,76
484,80
903,34
415,19
992,72
494,78
680,68
954,74
906,61
461,74
904,80
15,73
317,75
156,42
866,38
742,6
912,73
487,21
461,17
34,73
695,79
244,54
693,77
439,50
551,34
781,49
952,74
549,25
523,48
812,36
418,42
720,80
922,75
921,2
139,52
982,48
604,76
824,71
989,44
349,71
84,6
921,58
679,77
191,76
975,16
47,18
45,75
349,72
841,9
25,77
548,26
766,9
853,22
944,75
686,66
402,73
417,62
969,79
686,75
631,61
869,61
707,77
594,73
879,76
760,71
91,77
742,15
293,62
569,71
517,59
68,74
515,68
364,76
986,47
236,80
190,76
426,69
652,10
722,79
596,51
261,36
319,18
286,34
662,74
614,67
981,49
640,75
286,71
367,80
668,74
92,33
161,79
722,78
827,47
825,80
321,80
393,75
539,74
322,20
57,40
418,76
407,6
696,72
733,69
637,74
481,1
529,18
490,24
854,43
477,75
331,18
232,32
536,49
400,12
336,39
518,23
488,45
54,80
210,75
191,79
997,72
910,21
152,54
73,72
136,10
263,4
213,75
13,71
922,78
931,76
430,79
580,75
314,4
616,80
92,77
833,27
824,42
746,7
952,75
549,50
284,9
466,48
984,13
108,7
609,17
970,69
408,72
315,69
910,52
939,72
368,67
298,74
251,72
794,11
874,72
278,71
670,71
825,8
932,34
605,62
983,47
470,79
671,75
412,74
91,77
40,77
20,66
261,74
890,24
336,78
880,65
512,78
697,35
797,79
309,78
333,75
407,26
967,13
455,30
217,3
223,44
751,20
934,20
281,47
392,40
341,61
568,70
172,74
524,75
550,35
671,74
658,36
646,18
891,74
267,30
21,76
25,62
218,11
657,27
289,21
630,38
929,79
489,71
736,59
687,71
668,70
369,19
482,45
894,74
26,78
278,2
628,30
227,78
243,44
691,3
760,72
831,11
980,61
974,74
703,8
121,14
885,57
139,33
820,75
316,44
624,73
105,78
85,18
957,77
509,72
84,75
940,1
105,5
706,31
291,1
502,73
216,64
371,51
232,14
407,71
539,62
457,45
300,73
479,30
264,21
256,29
242,77
433,42
863,14
223,72
315,70
914,71
806,11
325,79
771,51
356,76
140,73
722,43
834,58
410,49
752,23
693,72
100,76
797,31
892,44
23,78
969,80
499,5
199,34
585,77
198,79
701,71
386,79
559,76
202,3
29,78
31,80
49,38
293,58
977,78
379,64
301,33
76,71
748,29
495,50
410,5
421,74
292,77
815,76
369,71
391,30
705,12
387,21
521,73
335,26
310,78
116,16
26,41
587,80
386,15
169,10
845,79
477,80
418,71
238,72
138,74
414,74
995,77
530,6
112,28
507,32
635,73
889,77
378,6
375,17
462,78
118,28
622,19
89,76
484,46
911,77
748,75
19,72
853,78
593,73
489,15
746,69
862,73
246,77
479,79
309,29
328,38
688,34
288,13
639,7
638,36
754,4
88,42
816,4
814,58
73,72
437,77
131,17
354,77
809,17
100,58
894,77
26,6
730,73
567,76
948,30
862,79
339,65
510,76
438,71
656,78
226,65
856,77
142,57
629,6
950,79
284,74
421,47
149,76
46,27
281,41
962,72
793,74
857,75
710,29
26,57
948,75
251,79
308,72
184,23
437,5
209,79
472,57
404,15
677,79
499,75
951,73
544,37
682,12
12,72
106,71
68,64
254,6
722,72
472,79
817,71
585,17
542,55
801,56
200,44
346,73
69,55
107,45
404,3
355,78
774,76
65,72
340,14
962,49
456,7
45,30
4,59
354,74
198,79
648,40
430,80
117,46
720,73
51,77
403,79
985,6
595,14
809,72
990,79
221,71
890,72
529,41
894,61
547,24
759,79
186,77
750,73
318,49
750,75
324,19
418,59
400,77
600,12
816,15
657,73
55,3
22,75
150,76
495,46
750,24
308,71
473,18
19,41
836,76
23,77
488,57
35,46
505,30
962,41
295,30
127,78
10,24
608,59
636,34
761,4
381,38
887,73
370,8
702,42
653,74
797,71
107,73
89,58
812,78
186,5
395,78
68,75
911,53
402,71
51,78
768,74
801,75
222,75
808,77
422,4
369,30
16,37
487,51
772,77
236,46
672,49
67,37
403,72
620,20
90,37
740,75
762,79
462,76
111,80
515,75
76,80
879,43
233,71
174,79
809,72
151,78
275,20
100,79
380,15
265,72
6,14
722,46
658,18
73,73
670,2
753,49
624,79
242,73
808,76
395,74
715,74
309,78
649,16
957,72
808,11
647,78
657,78
120,75
12,75
948,77
91,74
726,67
741,11
596,37
752,25
926,1
730,6
389,49
397,32
573,74
359,4
637,76
748,71
665,71
167,55
759,73
657,26
567,3
325,74
109,31
2,53
675,73
479,72
92,79
332,47
353,5
443,72
503,75
301,73
478,73
406,76
430,17
776,11
893,78
538,71
488,77
617,39
22,31
637,1
267,7
640,61
375,7
759,78
405,53
395,74
2,74
789,74
626,80
846,77
813,30
866,78
319,9
993,4
760,75
141,50
727,56
638,14
782,13
599,36
185,53
404,38
491,12
238,38
270,71
825,41
346,74
969,75
41,76
240,79
48,37
72,71
155,75
233,29
250,72
920,61
53,46
94,76
732,75
375,70
446,52
644,73
352,78
589,66
557,71
495,79
310,33
518,69
645,73
793,50
575,50
537,72
432,12
960,78
622,73
2,32
888,45
787,7
712,65
989,43
435,76
303,53
368,16
937,74
216,27
654,42
303,67
205,76
915,64
663,72
26,30
348,26
823,78
929,7
204,44
508,28
651,33
46,77
681,78
774,67
802,29
163,79
844,19
320,50
836,41
583,78
732,71
185,72
679,9
225,58
941,74
598,19
362,33
277,45
629,39
469,73
977,41
48,38
90,7
206,72
631,15
137,7
628,76
305,71
140,18
513,45
51,73
675,73
714,71
511,74
628,39
902,38
884,71
443,11
835,6
796,26
99,80
761,71
871,80
769,53
917,20
955,77
48,27
608,23
398,51
541,48
489,76
691,79
60,35
437,80
193,82
292,107
970,98
694,113
20,84
744,109
720,108
552,119
272,101
353,120
866,120
423,111
222,82
311,95
673,106
210,120
155,101
795,86
177,96
91,97
256,106
656,110
294,119
407,107
649,104
977,96
397,89
785,116
417,109
298,87
427,88
20,112
202,87
570,86
9,88
117,90
364,91
5,84
393,90
853,113
442,116
263,99
361,120
512,83
870,118
654,101
462,101
917,117
777,109
89,99
789,116
676,116
21,86
813,84
913,114
263,115
268,88
556,82
220,102
559,104
611,103
570,110
223,111
998,110
153,90
935,119
555,81
356,87
563,85
626,120
430,100
473,106
909,100
692,95
859,117
257,98
523,100
894,114
827,105
118,105
264,100
549,116
551,118
868,93
651,96
361,98
115,82
677,105
585,86
158,88
118,110
340,112
366,105
26,87
600,88
311,86
181,82
983,111
888,116
733,95
