(11,1),
(26,1),
(32,1),
(17,2),
(18,2),
(34,2),
(14,2),
(29,2),
(30,2),
(16,4),
(22,4),
(31,4),
(17,5),
(18,5),
(25,5),
(4,5),
(24,5),
(11,6),
(26,6),
(8,10),
(20,10),
(27,10),
(23,11),
(33,11),
(11,12),
(26,12),
(32,12),
(8,12),
(20,12),
(27,12),
(28,12),
(17,12),
(18,12),
(25,12),
(34,12),
(4,12),
(15,12),
(24,12),
(2,12),
(6,12),
(7,12),
(21,12),
(16,13),
(22,13),
(8,15),
(27,15),
(28,15),
(18,15),
(25,15),
(34,15),
(14,17),
(29,17),
(30,17),
(37,17),
(26,19),
(32,19),
(12,20),
(23,20),
(33,20),
(40,20),
(8,21),
(28,21),
(1,21),
(39,21),
(14,21),
(29,21),
(30,21),
(37,21),
(4,22),
(15,22),
(24,22),
(36,22),
(12,23),
(23,23),
(33,23),
(40,23),
(14,23),
(30,23),
(37,23),
(12,25),
(33,25),
(30,26),
(37,26),
(16,27),
(22,27),
(31,27),
(35,27),
(17,28),
(18,28),
(25,28),
(34,28),
(10,29),
(26,29),
(32,29),
(14,29),
(29,29),
(30,29),
(37,29),
(10,30),
(11,30),
(26,30),
(32,30),
(13,31),
(19,31),
(38,31),
(14,31),
(30,31),
(16,31),
(31,31),
(35,31),
(1,32),
(39,32),
(30,33),
(37,33),
(8,34),
(20,34),
(27,34),
(28,34),
(4,34),
(24,34),
(1,35),
(3,35),
(39,35),
(8,39),
(20,39),
(27,39),
(28,39),
(3,39),
(5,39),
(39,39),
(9,40),
(13,40),
(19,40),
(38,40),
(4,40),
(23,40),
(33,40),
(40,40),
(3,41),
(5,41),
(39,41),
(12,41),
(33,41),
(40,41),
(4,43),
(15,43),
(24,43),
(36,43),
(14,43),
(29,43),
(30,43),
(13,45),
(19,45),
(38,45),
(4,45),
(36,45),
(12,46),
(23,46),
(33,46),
(40,46),
(3,48),
(5,48),
(39,48),
(8,51),
(20,51),
(27,51),
(28,51),
(12,51),
(23,51),
(33,51),
(40,51),
(14,51),
(29,51),
(37,51),
(16,52),
(35,52),
(16,53),
(22,53),
(35,53),
(2,53),
(7,53),
(9,54),
(38,54),
(9,60),
(19,60),
(38,60),
(14,61),
(29,61),
(30,61),
(37,61),
(1,63),
(3,63),
(5,63),
(39,63),
(16,63),
(22,63),
(31,63),
(35,63),
(9,64),
(13,64),
(19,64),
(38,64),
(18,64),
(34,64),
(10,65),
(11,65),
(26,65),
(32,65),
(2,65),
(6,65),
(7,65),
(21,65),
(14,66),
(30,66),
(37,66),
(14,67),
(29,67),
(30,67),
(37,67),
(17,68),
(18,68),
(25,68),
(4,68),
(15,68),
(24,68),
(14,68),
(29,68),
(37,68),
(2,68),
(7,68),
(21,68),
(17,69),
(18,69),
(34,69),
(10,70),
(11,70),
(26,70),
(32,70),
(27,70),
(28,70),
(12,71),
(23,71),
(33,71),
(40,71),
(16,71),
(22,71),
(31,71),
(16,72),
(22,72),
(35,72),
(10,73),
(26,73),
(32,73),
(20,73),
(27,73),
(9,76),
(13,76),
(19,76),
(38,76),
(22,76),
(31,76),
(35,76),
(1,79),
(3,79),
(5,79),
(39,79),
(16,81),
(22,81),
(31,81),
(35,81),
(12,82),
(23,82),
(33,82),
(4,84),
(11,86),
(26,86),
(32,86),
(8,86),
(20,86),
(27,86),
(28,86),
(14,86),
(29,86),
(30,86),
(10,88),
(11,88),
(26,88),
(32,88),
(1,89),
(3,89),
(5,89),
(39,89),
(17,91),
(18,91),
(25,91),
(34,91),
(23,91),
(33,91),
(40,91),
(12,92),
(23,92),
(40,92),
(2,92),
(6,92),
(7,92),
(21,92),
(1,93),
(5,93),
(39,93),
(9,94),
(19,94),
(38,94),
(1,94),
(5,94),
(39,94),
(1,95),
(3,95),
(5,95),
(39,95),
(16,98),
(22,98),
(31,98),
(13,99),
(19,99),
(38,99),
(1,100),
(3,100),
(39,100),
(2,100),
(6,100),
(7,100),
(21,100),
(15,104),
(24,104),
(36,104),
(3,105),
(5,105),
(14,105),
(29,105),
(30,105),
(37,105),
(22,106),
(31,106),
(35,106),
(8,107),
(27,107),
(12,107),
(23,107),
(33,107),
(40,107),
(16,108),
(31,108),
(35,108),
(9,111),
(13,111),
(19,111),
(38,111),
(8,112),
(20,112),
(27,112),
(28,112),
(8,114),
(20,114),
(27,114),
(28,114),
(4,116),
(24,116),
(36,116),
(17,118),
(18,118),
(25,118),
(34,118),
(10,120),
(11,120),
(26,120),
(4,120),
(15,120),
(24,120),
(36,120),
(34,122),
(33,123),
(4,124),
(15,124),
(24,124),
(36,124),
(11,125),
(26,125),
(32,125),
(4,126),
(15,126),
(24,126),
(10,127),
(26,127),
(30,127),
(16,127),
(22,127),
(31,127),
(35,127),
(5,128),
(39,128),
(14,133),
(29,133),
(37,133),
(4,134),
(15,134),
(24,134),
(36,134),
(17,138),
(25,138),
(34,138),
(14,138),
(29,138),
(30,138),
(37,138),
(16,138),
(31,138),
(35,138),
(8,140),
(20,140),
(27,140),
(4,140),
(15,140),
(24,140),
(23,140),
(33,140),
(40,140),
(9,141),
(13,141),
(19,141),
(38,141),
(14,141),
(29,141),
(30,141),
(37,141),
(4,143),
(24,143),
(36,143),
(2,143),
(6,143),
(7,143),
(21,143),
(14,145),
(29,145),
(37,145),
(16,146),
(22,146),
(31,146),
(35,146),
(10,148),
(11,148),
(26,148),
(32,148),
(6,148),
(7,148),
(21,148),
(3,149),
(5,149),
(39,149),
(1,150),
(3,150),
(5,150),
(14,150),
(29,150),
(30,150),
(37,150),
(14,151),
(29,151),
(30,151),
(37,151),
(4,155),
(9,158),
(13,158),
(19,158),
(9,159),
(19,159),
(38,159),
(2,161),
(7,161),
(21,161),
(12,163),
(23,163),
(33,163),
(40,163),
(2,163),
(7,163),
(21,163),
(11,165),
(32,165),
(4,166),
(15,166),
(24,166),
(12,166),
(23,166),
(40,166),
(4,167),
(15,167),
(24,167),
(18,168),
(25,168),
(34,168),
(14,170),
(29,170),
(30,170),
(37,170),
(9,171),
(19,171),
(38,171),
(17,172),
(18,172),
(25,172),
(34,172),
(2,174),
(6,174),
(7,174),
(21,174),
(9,181),
(13,181),
(38,181),
(9,182),
(19,182),
(38,182),
(9,184),
(13,184),
(19,184),
(11,185),
(26,185),
(32,185),
(4,185),
(15,185),
(36,185),
(14,185),
(29,185),
(30,185),
(2,185),
(6,185),
(7,185),
(21,185),
(12,186),
(23,186),
(33,186),
(1,188),
(3,188),
(5,188),
(39,188),
(16,189),
(22,189),
(31,189),
(9,190),
(13,190),
(19,190),
(38,190),
(1,190),
(3,190),
(39,190),
(17,191),
(18,191),
(25,191),
(34,191),
(3,191),
(5,191),
(6,191),
(7,191),
(8,193),
(27,193),
(28,193),
(10,195),
(11,195),
(26,195),
(14,195),
(29,195),
(30,195),
(37,195),
(10,196),
(26,196),
(32,196),
(12,196),
(23,196),
(40,196),
(4,197),
(15,197),
(24,197),
(36,197),
(4,198),
(15,198),
(24,198),
(36,198),
(2,198),
(6,198),
(17,200),
(18,200),
(25,200),
(16,202),
(22,202),
(31,202),
(35,202),
(17,202),
(18,202),
(25,202),
(12,202),
(23,202),
(33,202),
(40,202),
(14,203),
(29,203),
(30,203),
(37,203),
(1,205),
(5,205),
(39,205),
(9,206),
(13,206),
(19,206),
(38,206),
(10,206),
(32,206),
(11,209),
(26,209),
(2,209),
(6,209),
(7,209),
(21,209),
(4,210),
(15,210),
(36,210),
(2,210),
(6,210),
(7,210),
(4,212),
(15,212),
(24,212),
(36,212),
(16,212),
(22,212),
(31,212),
(4,213),
(24,213),
(36,213),
(10,219),
(11,219),
(32,219),
(16,221),
(15,222),
(24,222),
(36,222),
(10,223),
(11,223),
(26,223),
(32,223),
(9,224),
(38,224),
(22,226),
(31,226),
(35,226),
(20,227),
(27,227),
(28,227),
(15,227),
(24,227),
(29,227),
(30,227),
(37,227),
(14,228),
(29,228),
(30,228),
(37,228),
(2,229),
(6,229),
(7,229),
(21,229),
(23,231),
(33,231),
(40,231),
(14,232),
(29,232),
(30,232),
(16,233),
(22,233),
(31,233),
(12,234),
(33,234),
(9,236),
(13,236),
(19,236),
(38,236),
(8,236),
(20,236),
(27,236),
(28,236),
(10,238),
(11,238),
(26,238),
(20,239),
(27,239),
(28,239),
(2,240),
(6,240),
(7,240),
(21,240),
(11,241),
(26,241),
(32,241),
(8,242),
(20,242),
(28,242),
(12,242),
(33,242),
(12,246),
(23,246),
(33,246),
(40,246),
(10,250),
(32,250),
(10,251),
(11,251),
(26,251),
(2,251),
(6,251),
(7,251),
(2,253),
(6,253),
(7,253),
(21,253),
(10,254),
(11,254),
(26,254),
(9,256),
(13,256),
(38,256),
(20,257),
(27,257),
(1,257),
(3,257),
(5,257),
(39,257),
(14,258),
(29,258),
(37,258),
(2,260),
(6,260),
(7,260),
(21,260),
(9,261),
(13,261),
(38,261),
(17,261),
(18,261),
(25,261),
(34,261),
(10,263),
(26,263),
(32,263),
(12,264),
(23,264),
(40,264),
(10,265),
(11,265),
(26,265),
(32,265),
(1,268),
(3,268),
(5,268),
(39,268),
(14,268),
(29,268),
(30,268),
(37,268),
(8,269),
(20,269),
(27,269),
(28,269),
(12,269),
(23,269),
(33,269),
(40,269),
(31,270),
(17,271),
(18,271),
(25,271),
(12,271),
(33,271),
(9,272),
(13,272),
(19,272),
(38,272),
(4,273),
(15,273),
(24,273),
(36,273),
(9,274),
(13,274),
(19,274),
(38,274),
(4,275),
(15,275),
(24,275),
(14,277),
(29,277),
(30,277),
(37,277),
(16,278),
(22,278),
(31,278),
(35,278),
(2,279),
(6,279),
(7,279),
(21,279),
(8,281),
(20,281),
(27,281),
(14,281),
(29,281),
(37,281),
(27,282),
(28,282),
(14,282),
(37,282),
(14,283),
(37,283),
(2,283),
(6,283),
(21,283),
(17,284),
(18,284),
(34,284),
(1,284),
(3,284),
(5,284),
(39,284),
(16,286),
(22,286),
(31,286),
(35,286),
(12,288),
(23,288),
(33,288),
(40,288),
(2,288),
(7,288),
(21,288),
(12,292),
(40,292),
(17,293),
(25,293),
(34,293),
(16,296),
(31,296),
(10,298),
(11,298),
(17,298),
(18,298),
(25,298),
(34,298),
(1,298),
(3,298),
(39,298),
(8,300),
(20,300),
(27,300),
(28,300),
(8,301),
(20,301),
(27,301),
(28,301),
(16,305),
(31,305),
(35,305),
(8,307),
(20,307),
(27,307),
(28,307),
(10,308),
(11,308),
(26,308),
(4,308),
(15,308),
(24,308),
(36,308),
(1,308),
(3,308),
(39,308),
(35,308),
(9,309),
(19,309),
(38,309),
(14,309),
(29,309),
(30,309),
(37,309),
(14,310),
(29,310),
(30,310),
(37,310),
(29,313),
(30,313),
(37,313),
(17,314),
(18,314),
(25,314),
(34,314),
(23,315),
(33,315),
(4,317),
(24,317),
(36,317),
(12,318),
(40,318),
(14,319),
(29,319),
(30,319),
(37,319),
(9,321),
(13,321),
(19,321),
(9,324),
(13,324),
(38,324),
(17,325),
(18,325),
(25,325),
(34,325),
(4,325),
(15,325),
(24,325),
(36,325),
(2,325),
(7,325),
(21,325),
(4,329),
(15,329),
(24,329),
(36,329),
(9,331),
(19,331),
(38,331),
(4,333),
(15,333),
(24,333),
(36,333),
(12,333),
(33,333),
(40,333),
(9,336),
(38,336),
(14,336),
(29,336),
(30,336),
(37,336),
(17,340),
(34,340),
(12,341),
(23,341),
(33,341),
(40,341),
(3,342),
(5,342),
(39,342),
(2,343),
(6,343),
(21,343),
(14,345),
(29,345),
(30,345),
(37,345),
(22,345),
(31,345),
(35,345),
(8,346),
(20,346),
(27,346),
(17,346),
(18,346),
(25,346),
(34,346),
(16,346),
(22,346),
(31,346),
(35,346),
(17,347),
(18,347),
(25,347),
(34,347),
(16,349),
(31,349),
(35,349),
(10,349),
(11,349),
(26,349),
(32,349),
(1,349),
(3,349),
(5,349),
(12,349),
(23,349),
(33,349),
(40,349),
(12,350),
(23,350),
(33,350),
(40,350),
(14,352),
(29,352),
(37,352),
(16,352),
(22,352),
(31,352),
(35,352),
(18,354),
(34,354),
(23,354),
(33,354),
(29,355),
(37,355),
(8,356),
(20,356),
(1,356),
(5,356),
(17,357),
(18,357),
(25,357),
(1,357),
(3,357),
(39,357),
(14,358),
(37,358),
(8,359),
(20,359),
(27,359),
(28,359),
(2,359),
(6,359),
(7,359),
(21,359),
(9,363),
(13,363),
(19,363),
(38,363),
(1,364),
(3,364),
(5,364),
(39,364),
(4,365),
(15,365),
(24,365),
(36,365),
(9,367),
(13,367),
(38,367),
(16,369),
(22,369),
(31,369),
(35,369),
(16,370),
(22,370),
(31,370),
(9,373),
(13,373),
(19,373),
(38,373),
(25,374),
(34,374),
(23,374),
(33,374),
(40,374),
(16,378),
(22,378),
(31,378),
(4,382),
(15,382),
(36,382),
(14,383),
(29,383),
(30,383),
(37,383),
(4,384),
(15,384),
(24,384),
(36,384),
(23,384),
(33,384),
(40,384),
(2,386),
(6,386),
(7,386),
(21,386),
(16,386),
(31,386),
(35,386),
(4,393),
(15,393),
(24,393),
(36,393),
(17,395),
(18,395),
(25,395),
(34,395),
(29,395),
(37,395),
(12,397),
(33,397),
(40,397),
(3,399),
(5,399),
(39,399),
(22,400),
(31,400),
(8,400),
(28,400),
(4,400),
(15,400),
(24,400),
(36,400),
(12,400),
(23,400),
(2,401),
(7,401),
(21,401),
(8,402),
(27,402),
(28,402),
(22,402),
(31,402),
(35,402),
(11,403),
(26,403),
(32,403),
(2,403),
(6,403),
(7,403),
(17,404),
(18,404),
(12,404),
(23,404),
(40,404),
(20,406),
(27,406),
(28,406),
(1,406),
(3,406),
(5,406),
(16,407),
(22,407),
(31,407),
(35,407),
(10,408),
(11,408),
(32,408),
(10,409),
(32,409),
(12,410),
(23,410),
(33,410),
(40,410),
(17,412),
(25,412),
(34,412),
(12,412),
(23,412),
(33,412),
(40,412),
(12,413),
(23,413),
(33,413),
(40,413),
(17,414),
(34,414),
(12,414),
(23,414),
(22,414),
(31,414),
(35,414),
(26,417),
(32,417),
(9,417),
(13,417),
(19,417),
(31,418),
(35,418),
(1,418),
(3,418),
(5,418),
(39,418),
(13,419),
(38,419),
(8,419),
(27,419),
(28,419),
(4,420),
(24,420),
(9,421),
(13,421),
(19,421),
(38,421),
(17,421),
(18,421),
(25,421),
(4,423),
(15,423),
(36,423),
(9,430),
(13,430),
(19,430),
(38,430),
(2,430),
(6,430),
(2,434),
(6,434),
(7,434),
(21,434),
(4,435),
(15,435),
(24,435),
(36,435),
(1,435),
(3,435),
(5,435),
(39,435),
(9,435),
(13,435),
(19,435),
(38,435),
(9,437),
(13,437),
(19,437),
(38,437),
(12,437),
(23,437),
(33,437),
(40,437),
(16,438),
(22,438),
(31,438),
(12,441),
(23,441),
(33,441),
(40,441),
(10,443),
(11,443),
(26,443),
(32,443),
(12,444),
(23,444),
(33,444),
(2,444),
(6,444),
(21,444),
(9,445),
(13,445),
(38,445),
(17,447),
(18,447),
(25,447),
(2,447),
(6,447),
(9,451),
(13,451),
(19,451),
(38,451),
(34,453),
(31,453),
(35,453),
(8,455),
(20,455),
(27,455),
(28,455),
(2,456),
(6,456),
(7,456),
(21,456),
(9,457),
(13,457),
(19,457),
(38,457),
(22,459),
(35,459),
(25,461),
(12,461),
(23,461),
(33,461),
(3,462),
(5,462),
(39,462),
(14,462),
(29,462),
(30,462),
(37,462),
(12,463),
(23,463),
(40,463),
(16,464),
(22,464),
(31,464),
(35,464),
(1,466),
(3,466),
(5,466),
(39,466),
(8,469),
(20,469),
(27,469),
(28,469),
(39,469),
(2,470),
(6,470),
(7,470),
(21,470),
(4,471),
(15,471),
(24,471),
(36,471),
(17,472),
(18,472),
(25,472),
(34,472),
(2,472),
(21,472),
(14,474),
(29,474),
(30,474),
(37,474),
(16,474),
(22,474),
(35,474),
(14,475),
(29,475),
(37,475),
(4,477),
(15,477),
(36,477),
(6,477),
(7,477),
(21,477),
(9,477),
(13,477),
(19,477),
(38,477),
(8,478),
(27,478),
(28,478),
(22,478),
(31,478),
(35,478),
(16,479),
(31,479),
(35,479),
(10,479),
(11,479),
(26,479),
(2,479),
(6,479),
(21,479),
(9,482),
(13,482),
(19,482),
(38,482),
(14,482),
(30,482),
(37,482),
(9,484),
(13,484),
(19,484),
(16,487),
(22,487),
(31,487),
(35,487),
(10,487),
(11,487),
(26,487),
(32,487),
(17,487),
(18,487),
(34,487),
(9,488),
(13,488),
(38,488),
(12,488),
(23,488),
(33,488),
(40,488),
(31,489),
(35,489),
(27,489),
(28,489),
(1,489),
(3,489),
(5,489),
(39,489),
(9,490),
(13,490),
(38,490),
(22,491),
(31,491),
(35,491),
(17,493),
(18,493),
(25,493),
(34,493),
(4,494),
(15,494),
(24,494),
(36,494),
(14,494),
(29,494),
(30,494),
(37,494),
(1,495),
(3,495),
(5,495),
(39,495),
(14,495),
(29,495),
(30,495),
(2,495),
(6,495),
(7,495),
(21,495),
(16,497),
(22,497),
(31,497),
(4,499),
(24,499),
(36,499),
(17,501),
(34,501),
(8,502),
(20,502),
(27,502),
(28,502),
(15,503),
(24,503),
(36,503),
(6,505),
(21,505),
(10,509),
(11,509),
(26,509),
(32,509),
(20,509),
(27,509),
(9,510),
(13,510),
(19,510),
(38,510),
(1,510),
(3,510),
(5,510),
(39,510),
(8,511),
(27,511),
(28,511),
(18,511),
(25,511),
(14,512),
(29,512),
(30,512),
(37,512),
(8,513),
(20,513),
(27,513),
(2,513),
(6,513),
(7,513),
(21,513),
(8,514),
(20,514),
(27,514),
(15,515),
(24,515),
(9,516),
(19,516),
(38,516),
(17,518),
(25,518),
(34,518),
(4,519),
(15,519),
(24,519),
(36,519),
(8,521),
(20,521),
(28,521),
(2,522),
(7,522),
(21,522),
(4,524),
(15,524),
(24,524),
(8,527),
(20,527),
(27,527),
(28,527),
(8,529),
(20,529),
(27,529),
(28,529),
(16,533),
(22,533),
(31,533),
(35,533),
(9,534),
(13,534),
(4,535),
(15,535),
(24,535),
(10,537),
(11,537),
(26,537),
(32,537),
(16,538),
(22,538),
(31,538),
(35,538),
(17,539),
(34,539),
(7,539),
(21,539),
(10,540),
(11,540),
(32,540),
(14,542),
(29,542),
(30,542),
(37,542),
(10,543),
(11,543),
(26,543),
(32,543),
(2,543),
(6,543),
(7,543),
(21,543),
(1,544),
(3,544),
(5,544),
(39,544),
(23,545),
(33,545),
(40,545),
(2,547),
(13,552),
(19,552),
(16,557),
(31,557),
(35,557),
(4,559),
(15,559),
(24,559),
(36,559),
(1,559),
(3,559),
(5,559),
(39,559),
(9,559),
(13,559),
(19,559),
(38,559),
(7,562),
(21,562),
(8,564),
(20,564),
(28,564),
(26,565),
(32,565),
(1,567),
(5,567),
(12,567),
(40,567),
(16,569),
(22,569),
(35,569),
(10,570),
(11,570),
(26,570),
(32,570),
(12,571),
(23,571),
(40,571),
(14,572),
(29,572),
(30,572),
(37,572),
(25,573),
(34,573),
(1,573),
(3,573),
(5,573),
(39,573),
(20,575),
(27,575),
(10,577),
(11,577),
(32,577),
(10,578),
(11,578),
(26,578),
(32,578),
(10,580),
(11,580),
(26,580),
(15,580),
(24,580),
(36,580),
(14,583),
(29,583),
(30,583),
(37,583),
(23,585),
(33,585),
(40,585),
(2,586),
(6,586),
(7,586),
(21,586),
(9,587),
(13,587),
(19,587),
(38,587),
(17,587),
(25,587),
(34,587),
(8,592),
(20,592),
(27,592),
(28,592),
(8,593),
(20,593),
(27,593),
(28,593),
(8,594),
(20,594),
(27,594),
(28,594),
(17,596),
(18,596),
(25,596),
(34,596),
(1,596),
(3,596),
(5,596),
(39,596),
(4,601),
(15,601),
(24,601),
(36,601),
(3,602),
(5,602),
(39,602),
(14,602),
(29,602),
(30,602),
(37,602),
(8,604),
(20,604),
(28,604),
(1,604),
(3,604),
(5,604),
(39,604),
(12,607),
(23,607),
(33,607),
(40,607),
(10,608),
(11,608),
(26,608),
(32,608),
(2,609),
(7,609),
(21,609),
(8,610),
(27,610),
(28,610),
(14,612),
(30,612),
(37,612),
(10,613),
(11,613),
(32,613),
(9,616),
(19,616),
(38,616),
(17,616),
(18,616),
(34,616),
(4,616),
(15,616),
(24,616),
(4,618),
(15,618),
(10,621),
(11,621),
(26,621),
(8,622),
(20,622),
(28,622),
(31,623),
(35,623),
(14,623),
(29,623),
(30,623),
(8,624),
(27,624),
(28,624),
(15,624),
(24,624),
(1,624),
(3,624),
(5,624),
(39,624),
(2,624),
(7,624),
(15,625),
(24,625),
(36,625),
(9,626),
(13,626),
(19,626),
(38,626),
(4,627),
(24,627),
(36,627),
(1,628),
(3,628),
(39,628),
(16,631),
(22,631),
(31,631),
(8,631),
(27,631),
(22,632),
(31,632),
(35,632),
(3,634),
(5,634),
(14,634),
(29,634),
(30,634),
(2,634),
(6,634),
(7,634),
(21,634),
(8,635),
(20,635),
(27,635),
(15,636),
(24,636),
(36,636),
(17,637),
(18,637),
(25,637),
(34,637),
(5,637),
(4,640),
(24,640),
(36,640),
(14,640),
(29,640),
(30,640),
(8,644),
(20,644),
(27,644),
(4,644),
(15,644),
(24,644),
(36,644),
(8,645),
(20,645),
(28,645),
(16,646),
(22,646),
(31,646),
(12,647),
(23,647),
(33,647),
(40,647),
(14,647),
(29,647),
(30,647),
(2,648),
(6,648),
(7,648),
(21,648),
(6,649),
(7,649),
(21,649),
(17,652),
(17,653),
(18,653),
(25,653),
(34,653),
(16,653),
(22,653),
(31,653),
(35,653),
(10,655),
(11,655),
(26,655),
(32,655),
(14,655),
(29,655),
(30,655),
(37,655),
(14,656),
(29,656),
(30,656),
(27,657),
(28,657),
(14,657),
(30,657),
(37,657),
(3,658),
(5,658),
(17,662),
(18,662),
(25,662),
(34,662),
(16,662),
(22,662),
(31,662),
(35,662),
(10,663),
(11,663),
(26,663),
(32,663),
(16,665),
(22,665),
(31,665),
(17,668),
(25,668),
(34,668),
(1,669),
(3,669),
(5,669),
(14,670),
(29,670),
(30,670),
(37,670),
(16,670),
(22,670),
(17,671),
(18,671),
(25,671),
(34,671),
(4,671),
(15,671),
(24,671),
(36,671),
(29,672),
(30,672),
(37,672),
(8,673),
(20,673),
(27,673),
(28,673),
(14,673),
(29,673),
(30,673),
(16,674),
(22,674),
(31,674),
(9,675),
(13,675),
(19,675),
(38,675),
(28,675),
(12,675),
(23,675),
(33,675),
(40,675),
(14,675),
(30,675),
(37,675),
(4,677),
(15,677),
(24,677),
(36,677),
(7,677),
(21,677),
(1,679),
(3,679),
(5,679),
(12,679),
(33,679),
(40,679),
(2,679),
(21,679),
(14,681),
(30,681),
(37,681),
(9,684),
(13,684),
(19,684),
(38,684),
(4,686),
(15,686),
(24,686),
(36,686),
(16,687),
(22,687),
(35,687),
(8,688),
(20,688),
(27,688),
(28,688),
(10,691),
(11,691),
(2,691),
(6,691),
(21,691),
(4,692),
(15,692),
(24,692),
(36,692),
(10,693),
(11,693),
(26,693),
(32,693),
(23,693),
(40,693),
(2,695),
(21,695),
(32,696),
(4,696),
(24,696),
(14,700),
(29,700),
(30,700),
(37,700),
(16,701),
(22,701),
(31,701),
(35,701),
(8,702),
(20,702),
(28,702),
(1,702),
(5,702),
(39,702),
(10,707),
(12,707),
(23,707),
(14,710),
(30,710),
(37,710),
(9,712),
(14,714),
(29,714),
(37,714),
(16,714),
(22,714),
(31,714),
(35,714),
(18,715),
(25,715),
(34,715),
(15,716),
(24,716),
(36,716),
(10,718),
(11,718),
(26,718),
(10,720),
(26,720),
(32,720),
(20,720),
(27,720),
(28,720),
(9,720),
(13,720),
(38,720),
(2,721),
(6,721),
(21,721),
(10,722),
(11,722),
(26,722),
(29,722),
(37,722),
(2,722),
(6,722),
(7,722),
(21,722),
(8,729),
(27,729),
(28,729),
(8,730),
(20,730),
(27,730),
(28,730),
(17,731),
(18,731),
(25,731),
(34,731),
(4,731),
(15,731),
(24,731),
(4,732),
(15,732),
(36,732),
(31,732),
(35,732),
(8,733),
(28,733),
(4,733),
(15,733),
(24,733),
(36,733),
(16,736),
(22,736),
(31,736),
(35,736),
(4,737),
(15,737),
(24,737),
(36,737),
(16,737),
(22,737),
(31,737),
(35,737),
(4,738),
(15,738),
(14,738),
(30,738),
(37,738),
(4,740),
(24,740),
(36,740),
(14,740),
(29,740),
(30,740),
(37,740),
(4,746),
(15,746),
(24,746),
(16,746),
(22,746),
(31,746),
(35,746),
(1,747),
(3,747),
(5,747),
(39,747),
(4,748),
(24,748),
(16,748),
(22,748),
(31,748),
(35,748),
(13,749),
(38,749),
(8,750),
(20,750),
(27,750),
(28,750),
(4,750),
(15,750),
(24,750),
(36,750),
(12,751),
(33,751),
(40,751),
(6,754),
(7,754),
(21,754),
(14,755),
(29,755),
(30,755),
(10,757),
(26,757),
(1,758),
(3,758),
(5,758),
(39,758),
(13,758),
(19,758),
(38,758),
(20,759),
(28,759),
(18,759),
(25,759),
(34,759),
(2,759),
(6,759),
(7,759),
(21,759),
(14,759),
(30,759),
(37,759),
(10,760),
(11,760),
(26,760),
(32,760),
(15,760),
(24,760),
(36,760),
(22,760),
(22,761),
(31,761),
(35,761),
(2,762),
(6,762),
(7,762),
(21,762),
(8,763),
(27,763),
(28,763),
(1,763),
(3,763),
(5,763),
(39,763),
(31,765),
(35,765),
(10,765),
(11,765),
(26,765),
(32,765),
(17,765),
(18,765),
(25,765),
(12,765),
(23,765),
(33,765),
(18,768),
(25,768),
(34,768),
(16,770),
(22,770),
(31,770),
(14,771),
(29,771),
(30,771),
(37,771),
(12,772),
(23,772),
(33,772),
(40,772),
(17,774),
(25,774),
(34,774),
(1,774),
(3,774),
(5,774),
(1,775),
(3,775),
(5,775),
(39,775),
(14,775),
(29,775),
(30,775),
(37,775),
(8,776),
(20,776),
(27,776),
(28,776),
(12,776),
(23,776),
(33,776),
(2,776),
(6,776),
(7,776),
(21,776),
(9,776),
(13,776),
(38,776),
(10,777),
(11,777),
(20,781),
(27,781),
(28,781),
(9,782),
(13,782),
(19,782),
(38,782),
(9,783),
(13,783),
(19,783),
(17,786),
(18,786),
(25,786),
(34,786),
(6,786),
(7,786),
(17,787),
(18,787),
(25,787),
(34,787),
(2,788),
(6,788),
(7,788),
(21,788),
(17,789),
(25,789),
(34,789),
(16,790),
(22,790),
(31,790),
(35,790),
(9,792),
(13,792),
(19,792),
(38,792),
(25,793),
(34,793),
(12,793),
(12,796),
(23,796),
(33,796),
(40,796),
(16,797),
(22,797),
(31,797),
(10,797),
(11,797),
(32,797),
(2,797),
(7,797),
(21,797),
(7,800),
(21,800),
(4,801),
(15,801),
(24,801),
(36,801),
(21,801),
(8,803),
(20,803),
(27,803),
(4,803),
(15,803),
(24,803),
(36,803),
(2,805),
(6,805),
(7,805),
(21,805),
(1,808),
(3,808),
(5,808),
(23,808),
(40,808),
(2,808),
(6,808),
(7,808),
(21,808),
(10,809),
(11,809),
(26,809),
(32,809),
(1,810),
(3,810),
(5,810),
(30,811),
(37,811),
(4,812),
(15,812),
(24,812),
(36,812),
(29,812),
(30,812),
(37,812),
(1,815),
(3,815),
(5,815),
(16,817),
(22,817),
(31,817),
(35,817),
(12,819),
(23,819),
(33,819),
(40,819),
(4,820),
(15,820),
(24,820),
(36,820),
(14,823),
(29,823),
(30,823),
(37,823),
(22,824),
(31,824),
(9,825),
(13,825),
(19,825),
(38,825),
(8,827),
(20,827),
(28,827),
(10,828),
(11,828),
(32,828),
(19,828),
(38,828),
(12,828),
(23,828),
(33,828),
(40,828),
(14,828),
(29,828),
(37,828),
(4,830),
(15,830),
(24,830),
(36,830),
(2,831),
(6,831),
(7,831),
(21,831),
(4,833),
(15,833),
(24,833),
(12,834),
(23,834),
(33,834),
(40,834),
(8,835),
(20,835),
(27,835),
(28,835),
(3,836),
(5,836),
(39,836),
(16,836),
(22,836),
(31,836),
(35,836),
(15,841),
(24,841),
(14,841),
(29,841),
(37,841),
(10,844),
(11,844),
(26,844),
(32,844),
(8,845),
(20,845),
(27,845),
(14,845),
(29,845),
(30,845),
(2,845),
(6,845),
(7,845),
(16,846),
(22,846),
(31,846),
(12,846),
(23,846),
(33,846),
(40,846),
(16,847),
(22,847),
(31,847),
(35,847),
(10,849),
(11,849),
(26,849),
(32,849),
(1,850),
(3,850),
(5,850),
(39,850),
(18,852),
(25,852),
(34,852),
(14,853),
(29,853),
(30,853),
(37,853),
(4,854),
(15,854),
(24,854),
(36,854),
(2,854),
(6,854),
(7,854),
(21,854),
(23,856),
(33,856),
(40,856),
(15,857),
(36,857),
(1,858),
(3,858),
(5,858),
(39,858),
(8,862),
(20,862),
(27,862),
(6,862),
(7,862),
(12,864),
(23,864),
(33,864),
(40,864),
(14,866),
(29,866),
(30,866),
(37,866),
(14,868),
(37,868),
(14,870),
(29,870),
(30,870),
(13,871),
(19,871),
(38,871),
(4,871),
(15,871),
(24,871),
(36,871),
(14,871),
(29,871),
(37,871),
(1,872),
(3,872),
(5,872),
(39,872),
(10,874),
(11,874),
(26,874),
(9,877),
(19,877),
(1,879),
(3,879),
(5,879),
(39,879),
(17,881),
(18,881),
(34,881),
(9,883),
(13,883),
(38,883),
(12,883),
(23,883),
(33,883),
(40,883),
(16,884),
(22,884),
(31,884),
(2,884),
(6,884),
(7,884),
(21,884),
(9,885),
(13,885),
(19,885),
(38,885),
(17,886),
(25,886),
(34,886),
(16,886),
(22,886),
(31,886),
(8,887),
(20,887),
(27,887),
(28,887),
(4,888),
(15,888),
(36,888),
(12,889),
(33,889),
(11,890),
(26,890),
(32,890),
(17,891),
(18,891),
(34,891),
(4,892),
(15,892),
(24,892),
(36,892),
(14,893),
(29,893),
(37,893),
(17,894),
(25,894),
(34,894),
(12,894),
(23,894),
(33,894),
(40,894),
(10,895),
(11,895),
(12,902),
(23,902),
(33,902),
(40,902),
(16,902),
(31,902),
(11,904),
(26,904),
(32,904),
(9,904),
(13,904),
(19,904),
(38,904),
(16,905),
(22,905),
(31,905),
(35,905),
(16,910),
(22,910),
(31,910),
(35,910),
(10,910),
(11,910),
(32,910),
(23,911),
(40,911),
(10,912),
(11,912),
(26,912),
(32,912),
(8,912),
(20,912),
(27,912),
(28,912),
(14,913),
(29,913),
(30,913),
(37,913),
(17,914),
(18,914),
(34,914),
(1,914),
(3,914),
(5,914),
(39,914),
(16,914),
(22,914),
(31,914),
(35,914),
(4,919),
(15,919),
(24,919),
(36,919),
(17,922),
(18,922),
(25,922),
(4,922),
(15,922),
(30,922),
(37,922),
(9,923),
(19,923),
(29,923),
(16,923),
(22,923),
(31,923),
(35,923),
(4,924),
(15,924),
(24,924),
(36,924),
(13,925),
(19,925),
(38,925),
(20,926),
(27,926),
(28,926),
(6,929),
(21,929),
(1,931),
(3,931),
(5,931),
(29,932),
(30,932),
(9,934),
(19,934),
(38,934),
(9,935),
(19,935),
(17,937),
(18,937),
(25,937),
(34,937),
(11,938),
(26,938),
(10,939),
(11,939),
(26,939),
(32,939),
(17,941),
(18,941),
(25,941),
(34,941),
(17,942),
(25,942),
(34,942),
(13,943),
(19,943),
(38,943),
(4,944),
(15,944),
(24,944),
(4,948),
(15,948),
(36,948),
(12,948),
(23,948),
(33,948),
(20,949),
(6,950),
(7,950),
(21,950),
(8,951),
(27,951),
(28,951),
(17,952),
(18,952),
(25,952),
(34,952),
(24,952),
(36,952),
(3,953),
(5,953),
(39,953),
(17,954),
(18,954),
(34,954),
(8,955),
(20,955),
(28,955),
(23,955),
(33,955),
(40,955),
(13,956),
(19,956),
(38,956),
(8,956),
(20,956),
(27,956),
(28,956),
(4,956),
(15,956),
(24,956),
(36,956),
(10,957),
(11,957),
(26,957),
(32,957),
(12,957),
(23,957),
(33,957),
(10,959),
(11,959),
(26,959),
(32,959),
(14,960),
(29,960),
(37,960),
(16,961),
(22,961),
(31,961),
(35,961),
(10,961),
(11,961),
(26,961),
(32,961),
(4,961),
(15,961),
(24,961),
(36,961),
(10,962),
(11,962),
(26,962),
(32,962),
(21,963),
(17,967),
(34,967),
(4,967),
(15,967),
(24,967),
(9,969),
(13,969),
(19,969),
(38,969),
(4,969),
(15,969),
(24,969),
(36,969),
(2,969),
(6,969),
(7,969),
(21,969),
(16,970),
(22,970),
(31,970),
(35,970),
(9,972),
(38,972),
(14,972),
(29,972),
(30,972),
(37,972),
(13,974),
(19,974),
(38,974),
(17,974),
(18,974),
(34,974),
(14,974),
(29,974),
(30,974),
(1,975),
(3,975),
(5,975),
(39,975),
(14,977),
(29,977),
(30,977),
(37,977),
(4,978),
(15,978),
(24,978),
(36,978),
(4,979),
(15,979),
(36,979),
(11,981),
(26,981),
(4,981),
(24,981),
(36,981),
(15,983),
(24,983),
(9,987),
(13,987),
(38,987),
(4,987),
(15,987),
(24,987),
(36,987),
(17,989),
(18,989),
(34,989),
(4,989),
(15,989),
(2,989),
(6,989),
(9,989),
(13,989),
(19,989),
(38,989),
(8,990),
(28,990),
(2,990),
(6,990),
(21,990),
(14,991),
(29,991),
(30,991),
(37,991),
(10,992),
(26,992),
(17,993),
(18,993),
(25,993),
(34,993),
(12,993),
(23,993),
(40,993),
(23,995),
(33,995),
(40,995),
(18,996),
(25,996),
(34,996),
(11,997),
(26,997),
(32,997),
(18,998),
(25,998),
(12,999),
(23,999),
(33,999),
